   3.6647809e+01   2.9998310e+00
   3.9731124e+01   3.0833150e+00
   4.2772650e+01   3.0415260e+00
   4.6066167e+01   3.2935170e+00
   4.9447941e+01   3.3817740e+00
   5.2312808e+01   2.8648670e+00
   5.5034030e+01   2.7212220e+00
   5.7903018e+01   2.8689880e+00
   6.0896584e+01   2.9935660e+00
   6.3869162e+01   2.9725780e+00
   6.6837074e+01   2.9679120e+00
   6.9742100e+01   2.9050260e+00
   7.2926197e+01   3.1840970e+00
   7.6372612e+01   3.4464150e+00
   7.9241828e+01   2.8692160e+00
   8.1888586e+01   2.6467580e+00
   8.4339367e+01   2.4507810e+00
   8.6805405e+01   2.4660380e+00
   8.9690116e+01   2.8847110e+00
   9.2933813e+01   3.2436970e+00
   9.5770502e+01   2.8366890e+00
   9.8426980e+01   2.6564780e+00
   1.0131089e+02   2.8839100e+00
   1.0429503e+02   2.9841400e+00
   1.0760722e+02   3.3121900e+00
   1.1075697e+02   3.1497500e+00
   1.1374809e+02   2.9911200e+00
   1.1675421e+02   3.0061200e+00
   1.1986844e+02   3.1142300e+00
   1.2320124e+02   3.3328000e+00
   1.2688071e+02   3.6794700e+00
   1.3001227e+02   3.1315600e+00
   1.3080729e+02   7.9502000e-01
   1.3355240e+02   2.7451100e+00
