   3.6160941e+01   3.3576120e+00
   3.9452920e+01   3.2919790e+00
   4.2539780e+01   3.0868600e+00
   4.6094417e+01   3.5546370e+00
   5.0618589e+01   4.5241720e+00
   5.2949504e+01   2.3309150e+00
   5.5923340e+01   2.9738360e+00
   5.9389524e+01   3.4661840e+00
   6.3394634e+01   4.0051100e+00
   6.6517672e+01   3.1230380e+00
   6.9579111e+01   3.0614390e+00
   7.2696823e+01   3.1177120e+00
   7.5621666e+01   2.9248430e+00
   7.8184013e+01   2.5623470e+00
   8.0861620e+01   2.6776070e+00
   8.3699069e+01   2.8374490e+00
   8.6576122e+01   2.8770530e+00
   8.9147359e+01   2.5712370e+00
   9.1642405e+01   2.4950460e+00
   9.4227409e+01   2.5850040e+00
   9.7675051e+01   3.4476420e+00
   1.0105084e+02   3.3757890e+00
   1.0421151e+02   3.1606700e+00
   1.0739784e+02   3.1863300e+00
   1.1033873e+02   2.9408900e+00
   1.1338023e+02   3.0415000e+00
   1.1650489e+02   3.1246600e+00
   1.1984101e+02   3.3361200e+00
   1.2326476e+02   3.4237500e+00
   1.2688929e+02   3.6245300e+00
   1.3077511e+02   3.8858200e+00
   1.3401215e+02   3.2370400e+00
