   4.4376663e+03
   8.4188099e+03
   3.0638778e+03
   9.5989840e+02
   7.9867130e+02
   8.2337260e+03
   1.4497470e+03
   3.3430138e+03
   4.1270460e+02
   1.8073717e+03
   3.6512189e+03
   6.8141922e+03
   3.7643509e+03
   1.4162711e+03
   5.3410263e+03
   2.8102275e+03
   3.3103810e+03
   5.5885405e+03
   5.2944155e+03
   3.0033509e+03
   3.7834547e+03
   3.0128444e+03
   3.5854720e+03
   4.0558830e+03
   2.8309932e+03
   3.9773318e+03
   1.7909361e+03
   2.9170745e+03
   3.9636986e+03
   9.9768450e+02
   3.5416246e+03
   4.9402427e+03
   3.8029332e+03
   1.0777933e+03
   3.5900737e+03
   3.7314280e+03
   3.7195539e+03
   5.9710889e+03
   6.6791078e+03
   2.7148462e+03
   3.6483430e+03
   1.4754149e+04
   3.1057541e+03
   6.3487260e+02
   4.2102571e+03
   5.9040414e+03
   4.1208220e+03
   1.1785918e+04
   4.0951043e+03
   1.0198221e+04
   2.7105529e+03
   4.8714918e+03
   4.2463751e+03
   6.0245374e+03
   9.0545040e+02
   5.9489408e+03
   4.1749027e+03
   1.3611872e+04
   6.4460130e+03
   9.1797160e+02
   5.4801769e+03
   1.7144155e+03
   5.8464305e+03
   6.9965930e+03
   1.3172975e+04
   8.0034794e+03
   2.9313926e+03
   4.0760672e+03
   4.1448595e+03
   5.4146479e+03
   1.2626659e+04
   1.6813535e+04
   1.5162457e+04
   1.2740993e+04
   1.4809496e+04
   8.8745896e+03
   5.5511240e+03
   3.5143678e+03
   2.4886851e+03
   4.0624593e+03
   1.8824276e+04
   6.8440021e+03
   3.5932301e+03
   1.6194022e+04
   1.5263874e+04
   1.8577770e+04
   5.3909515e+03
   1.7093499e+04
   7.1216395e+03
   1.6984803e+04
   3.3217744e+03
   1.6335776e+04
   1.5283297e+04
   1.0007888e+04
   3.2034543e+03
   1.9427704e+04
   7.2007622e+03
   3.3588376e+03
   2.8057735e+03
   8.1236003e+03
   7.8172848e+03
   2.4137343e+03
   6.1415652e+03
   9.8204773e+03
   4.9076406e+03
   1.3842947e+04
   3.4490303e+03
   1.2114235e+04
   1.4402452e+03
   1.8241554e+03
   1.1186518e+04
   1.3323610e+04
   3.0155577e+03
   6.9732251e+03
   1.7116765e+03
   1.6674192e+04
   4.4548520e+03
   4.4036609e+03
   1.1114069e+04
   5.0966504e+03
   5.6540002e+03
   2.3445774e+03
   4.6815527e+03
   1.5826032e+04
   1.5642579e+04
   1.7438862e+04
   1.1889475e+04
   8.2571120e+03
   1.5308143e+04
   2.4721218e+03
   9.2384830e+03
   1.7337975e+03
   2.9880058e+03
   1.2954154e+03
   1.9148591e+03
   1.4465392e+04
   5.0340543e+03
   6.7273766e+03
   1.6758784e+04
   1.1385121e+03
   4.3740070e+03
   1.6235595e+04
   1.0798312e+04
   7.1123359e+03
   9.2588623e+03
   2.5954469e+03
   5.6313546e+03
   9.7481017e+03
   1.8198577e+03
   9.1946475e+03
   2.8599334e+03
   1.5238923e+04
   1.6450941e+04
   6.7376869e+03
   1.4043033e+03
   8.3148464e+03
   1.6768527e+04
   1.0927145e+04
   1.3651417e+04
   4.2193811e+03
   1.7110833e+04
   1.4606340e+04
   1.1929471e+04
   1.0456940e+04
   1.4677558e+04
   7.5439716e+03
   1.1965053e+03
   1.0789762e+04
   1.2509775e+04
   7.7871851e+03
   1.1712140e+04
   9.5991162e+03
   4.6258690e+02
   6.4659738e+03
   6.2084590e+02
   1.3934957e+04
   1.1157558e+04
   7.2701264e+03
   4.9775480e+02
   4.3175958e+03
   3.7208665e+03
   6.7676775e+03
   4.2754260e+03
   1.0856586e+04
   7.1041808e+03
   1.4470785e+03
   1.3349369e+04
   6.3145603e+03
   6.5986226e+03
   1.2021920e+04
   7.6934254e+03
   3.0329563e+03
   1.0464837e+04
   8.4705769e+03
   4.5756359e+03
   1.4250691e+04
   7.2411056e+03
   3.6168207e+03
   1.1942180e+04
   9.4245741e+03
   4.0090056e+03
   6.6378506e+03
   5.0519020e+03
   3.5017797e+03
   5.8603767e+03
   9.8331846e+03
   1.6486643e+03
   5.1788870e+03
   1.7499840e+04
   2.8225849e+03
   7.1526128e+03
   1.1936501e+04
   8.1570540e+03
   3.6107372e+03
   8.9815840e+03
   1.6674267e+04
   1.2956866e+04
   3.7926058e+03
