   5.2667661e-02
   1.6155792e-01
   3.3374017e-02
   2.8148898e-02
   3.0385515e-02
   1.3143218e-01
   4.9176905e-02
   3.8549893e-02
   2.6388159e-02
   3.8184707e-02
   5.0209832e-02
   1.3849992e-01
   4.2667517e-02
   3.4158626e-02
   6.6506582e-02
   7.6551369e-02
   5.5233544e-02
   8.8924975e-02
   8.7290292e-02
   4.5337241e-02
   4.9765988e-02
   4.9630872e-02
   4.3493855e-02
   3.8743330e-02
   3.4863403e-02
   3.7255694e-02
   6.0576252e-02
   5.8559115e-02
   3.8205959e-02
   2.9624662e-02
   4.2032992e-02
   4.0297362e-02
   5.0969623e-02
   4.2204072e-02
   8.4182442e-02
   5.4412316e-02
   9.9438275e-02
   6.0360600e-02
   5.7618929e-02
   4.6553522e-02
   3.5804844e-02
   1.3264818e-01
   4.9751986e-02
   2.7686346e-02
   4.5399663e-02
   6.3996728e-02
   4.9423738e-02
   2.6782698e-01
   4.3738827e-02
   8.9659283e-02
   3.8262677e-02
   3.5370102e-02
   3.8535616e-02
   1.0272078e-01
   3.2441916e-02
   6.4238346e-02
   5.4475410e-02
   2.0592108e-01
   1.1637645e-01
   3.7428264e-02
   5.2870264e-02
   3.9520190e-02
   6.2123450e-02
   5.4711822e-02
   1.0874393e-01
   1.3450954e-01
   6.7952407e-02
   8.8552983e-02
   5.0699625e-02
   3.7276001e-02
   1.1351468e-01
   1.1194755e-01
   1.8867735e-01
   1.5120821e-01
   9.6103983e-02
   6.9262144e-02
   1.3531863e-01
   2.4682262e-02
   3.6522896e-02
   3.9275122e-02
   1.3281377e-01
   7.5173178e-02
   6.6170362e-02
   1.0521154e-01
   1.1617999e-01
   2.0091349e-01
   4.4854348e-02
   1.4020885e-01
   5.6804509e-02
   1.0916440e-01
   4.3965255e-02
   1.9774857e-01
   1.2546111e-01
   8.2501562e-02
   5.0582735e-02
   2.3289598e-01
   1.5221643e-01
   5.6544790e-02
   4.1662938e-02
   1.2383573e-01
   1.6175469e-01
   8.3487258e-02
   4.4457517e-02
   1.2720855e-01
   4.1516384e-02
   1.2100079e-01
   9.3923008e-02
   8.3964675e-02
   4.4853907e-02
   7.0107268e-02
   1.0585148e-01
   1.0004687e-01
   9.4704008e-02
   9.6237950e-02
   3.4547322e-02
   1.4499138e-01
   1.4253013e-01
   7.7438508e-02
   1.0649938e-01
   7.2937805e-02
   7.9606777e-02
   4.5016063e-02
   9.5629500e-02
   1.5627059e-01
   1.1153978e-01
   1.5588080e-01
   1.4455688e-01
   8.6646492e-02
   1.8564267e-01
   7.7514912e-02
   1.1925258e-01
   3.6095293e-02
   9.2242508e-02
   4.8419854e-02
   4.3239607e-02
   1.1432079e-01
   1.0050969e-01
   4.8815626e-02
   8.1761081e-02
   3.6665154e-02
   3.7183995e-02
   1.7725980e-01
   9.8608933e-02
   8.2838363e-02
   1.1599752e-01
   4.4716603e-02
   1.2510891e-01
   1.4630784e-01
   3.6128852e-02
   5.3273537e-02
   4.5075633e-02
   1.5712909e-01
   1.2676553e-01
   6.2945200e-02
   3.8088843e-02
   7.8073318e-02
   1.4406672e-01
   1.0101541e-01
   1.4209858e-01
   4.3696950e-02
   1.2981078e-01
   9.1779058e-02
   8.6109125e-02
   7.3635039e-02
   7.4980809e-02
   7.6447174e-02
   3.6932236e-02
   1.4767655e-01
   1.5861105e-01
   6.6630006e-02
   6.9221143e-02
   6.3235174e-02
   3.2679047e-02
   6.1916944e-02
   3.0181707e-02
   1.3776442e-01
   6.2452277e-02
   5.9667328e-02
   2.6836796e-02
   5.4655321e-02
   5.5149161e-02
   8.3549808e-02
   6.4384468e-02
   1.3405843e-01
   6.9315831e-02
   3.7992918e-02
   1.2251015e-01
   5.7271532e-02
   5.3595467e-02
   8.7013833e-02
   5.2463654e-02
   5.3884852e-02
   1.6102992e-01
   6.1255175e-02
   6.6852751e-02
   1.2689367e-01
   5.3603407e-02
   5.7252479e-02
   4.8913785e-02
   5.4916343e-02
   6.7260323e-02
   6.4081970e-02
   5.4449378e-02
   5.4817773e-02
   5.6092454e-02
   6.7820139e-02
   3.6309945e-02
   5.4943048e-02
   1.3463659e-01
   5.8947773e-02
   8.4836108e-02
   1.3634418e-01
   5.5236107e-02
   6.4613607e-02
   1.3555346e-01
   1.0811874e-01
   1.3431201e-01
   5.6618970e-02
