   1.3538099e+18
   3.3244735e+18
   1.1870980e+18
   2.2379934e+17
   1.8391030e+17
   3.2402162e+18
   3.9968258e+17
   1.3175124e+18
   8.8178260e+16
   4.8993579e+17
   1.2306770e+18
   2.7027936e+18
   1.7479865e+18
   3.6362068e+17
   1.9419032e+18
   9.1539335e+17
   1.0168558e+18
   2.0638063e+18
   2.2558861e+18
   1.2293105e+18
   1.7054894e+18
   9.7449631e+17
   1.3542212e+18
   1.6966836e+18
   1.1592699e+18
   1.7668455e+18
   5.5085684e+17
   1.0253765e+18
   1.9226606e+18
   2.3397232e+17
   1.2801311e+18
   2.2235739e+18
   1.9662114e+18
   2.7362719e+17
   1.3580279e+18
   1.1250726e+18
   1.5386540e+18
   2.3943072e+18
   3.4282761e+18
   8.1749058e+17
   1.5959637e+18
   9.1014120e+18
   9.6637744e+17
   1.4098548e+17
   1.7106255e+18
   3.0354136e+18
   2.1554370e+18
   6.8671775e+18
   1.7786143e+18
   5.3855162e+18
   1.0293940e+18
   2.7915714e+18
   2.0494477e+18
   3.7142746e+18
   2.5064730e+17
   3.2821947e+18
   1.8619093e+18
   9.2375941e+18
   3.0049782e+18
   2.2992750e+17
   2.8698840e+18
   5.6707883e+17
   3.0522130e+18
   3.7858211e+18
   8.8203347e+18
   4.4091639e+18
   1.0116544e+18
   1.4088447e+18
   1.6956972e+18
   3.1225164e+18
   6.7360919e+18
   1.1885058e+19
   9.3095210e+18
   6.6064215e+18
   1.2650495e+19
   5.6345276e+18
   2.3607225e+18
   1.2046973e+18
   9.0992502e+17
   1.8777491e+18
   1.4632427e+19
   3.5078056e+18
   1.3721875e+18
   1.1802976e+19
   1.1461380e+19
   1.4055978e+19
   2.8443630e+18
   1.3119375e+19
   4.1052567e+18
   1.5383048e+19
   1.4923974e+18
   1.1114100e+19
   1.2502705e+19
   5.2556671e+18
   1.3111955e+18
   1.2812216e+19
   3.6444128e+18
   1.4088145e+18
   1.1745040e+18
   3.2491601e+18
   4.7581255e+18
   8.6832306e+17
   3.5378284e+18
   7.2370481e+18
   2.8927330e+18
   9.1200208e+18
   1.3192933e+18
   7.6044115e+18
   4.3376340e+17
   5.7827090e+17
   6.6573698e+18
   7.8882514e+18
   1.1192575e+18
   3.0879200e+18
   4.7494762e+17
   1.1308984e+19
   1.8912888e+18
   2.5186995e+18
   7.2239930e+18
   2.1580563e+18
   2.7252631e+18
   8.8333784e+17
   2.1943425e+18
   1.2804559e+19
   1.0646534e+19
   1.2916274e+19
   5.6935573e+18
   4.8782747e+18
   9.8767823e+18
   8.5509696e+17
   5.3724912e+18
   5.1960845e+17
   1.0744880e+18
   3.6789788e+17
   5.8089063e+17
   1.0482407e+19
   2.2061093e+18
   4.3061488e+18
   1.7144316e+19
   3.3201360e+17
   2.1194253e+18
   1.0224319e+19
   6.7317850e+18
   4.3297962e+18
   5.1000748e+18
   1.0601916e+18
   2.6675433e+18
   5.9510545e+18
   4.9519701e+17
   6.4762106e+18
   1.1570303e+18
   7.8624634e+18
   1.1949866e+19
   4.4824543e+18
   4.4478455e+17
   4.2027522e+18
   1.1015055e+19
   8.0196893e+18
   7.6062324e+18
   2.0336571e+18
   1.2817987e+19
   1.1650231e+19
   8.5827236e+18
   9.5622573e+18
   1.5532829e+19
   4.1073583e+18
   3.2844340e+17
   6.8770415e+18
   6.8582895e+18
   4.5590603e+18
   9.8197561e+18
   6.9384467e+18
   1.1564397e+17
   3.6171357e+18
   1.5403021e+17
   1.0870779e+19
   9.1423965e+18
   4.1836300e+18
   1.1714615e+17
   1.9913779e+18
   1.5692893e+18
   4.7578421e+18
   1.6418653e+18
   6.5830748e+18
   3.7512843e+18
   4.1700710e+17
   1.8839717e+19
   3.4079388e+18
   4.0098715e+18
   8.1640933e+18
   5.0013418e+18
   1.1010475e+18
   5.5327448e+18
   5.3581585e+18
   1.9357361e+18
   1.0746714e+19
   4.3530050e+18
   1.4191676e+18
   1.2592485e+19
   6.9466988e+18
   1.5506961e+18
   3.4399120e+18
   2.4178651e+18
   1.3820111e+18
   3.3847622e+18
   7.1974319e+18
   4.8681827e+17
   2.5296425e+18
   1.7006092e+19
   9.4419007e+17
   3.5741192e+18
   8.1404281e+18
   5.8375879e+18
   1.3483412e+18
   4.7667659e+18
   1.4777068e+19
   9.2275146e+18
   1.5446711e+18
