   3.5933432e+01   2.2538530e+00
   3.8197817e+01   2.2643850e+00
   4.0059561e+01   1.8617440e+00
   4.1961452e+01   1.9018910e+00
   4.4115896e+01   2.1544440e+00
   4.6211403e+01   2.0955070e+00
   4.8270590e+01   2.0591870e+00
   5.0632283e+01   2.3616930e+00
   5.3340914e+01   2.7086310e+00
   5.5582900e+01   2.2419860e+00
   5.6302677e+01   7.1977700e-01
   5.8328546e+01   2.0258690e+00
   6.2046665e+01   3.7181190e+00
   6.3980742e+01   1.9340770e+00
   6.5947963e+01   1.9672210e+00
   6.8389264e+01   2.4413010e+00
   7.1346735e+01   2.9574710e+00
   7.3441459e+01   2.0947240e+00
   7.8714170e+01   5.2727110e+00
   8.0803776e+01   2.0896060e+00
   8.3301473e+01   2.4976970e+00
   8.5957366e+01   2.6558930e+00
   8.8006347e+01   2.0489810e+00
   9.3822792e+01   5.8164450e+00
   9.5762395e+01   1.9396030e+00
   9.7762222e+01   1.9998270e+00
   9.9893924e+01   2.1317020e+00
   1.0211298e+02   2.2190560e+00
   1.0492896e+02   2.8159800e+00
   1.0701041e+02   2.0814500e+00
   1.1021327e+02   3.2028600e+00
   1.1233853e+02   2.1252600e+00
   1.1526781e+02   2.9292800e+00
   1.1762739e+02   2.3595800e+00
   1.1978991e+02   2.1625200e+00
   1.2133836e+02   1.5484500e+00
   1.2355974e+02   2.2213800e+00
   1.2568400e+02   2.1242600e+00
   1.2805698e+02   2.3729800e+00
   1.3059398e+02   2.5370000e+00
   1.3384783e+02   3.2538500e+00
