   3.6175676e+01   2.7246890e+00
   3.9337518e+01   3.1618420e+00
   4.2096917e+01   2.7593990e+00
   4.5247904e+01   3.1509870e+00
   4.7753033e+01   2.5051290e+00
   5.0542312e+01   2.7892790e+00
   5.3358959e+01   2.8166470e+00
   5.6071030e+01   2.7120710e+00
   5.8701081e+01   2.6300510e+00
   6.1791434e+01   3.0903530e+00
   6.5650433e+01   3.8589990e+00
   6.8297878e+01   2.6474450e+00
   7.1340821e+01   3.0429430e+00
   7.4163578e+01   2.8227570e+00
   7.6549933e+01   2.3863550e+00
   8.0841452e+01   4.2915190e+00
   8.2912549e+01   2.0710970e+00
   8.5610855e+01   2.6983060e+00
   8.8444468e+01   2.8336130e+00
   9.1413912e+01   2.9694440e+00
   9.4271298e+01   2.8573860e+00
   9.8064467e+01   3.7931690e+00
   1.0024619e+02   2.1817230e+00
   1.0254678e+02   2.3005900e+00
   1.0487779e+02   2.3310100e+00
   1.0769504e+02   2.8172500e+00
   1.1016490e+02   2.4698600e+00
   1.1210931e+02   1.9444100e+00
   1.1466689e+02   2.5575800e+00
   1.1756645e+02   2.8995600e+00
   1.2120793e+02   3.6414800e+00
   1.2515631e+02   3.9483800e+00
   1.2763223e+02   2.4759200e+00
   1.3057994e+02   2.9477100e+00
   1.3380618e+02   3.2262400e+00
