   3.7300000e+00
   1.0340000e+01
   9.8900000e+00
   8.3600000e+00
   1.1880000e+01
   8.1500000e+00
   1.1010000e+01
   6.3100000e+00
   3.1500000e+00
   9.9300000e+00
   5.1000000e+00
   1.0780000e+01
   1.1170000e+01
   1.4310000e+01
   9.0700000e+00
   5.5100000e+00
   6.4700000e+00
   6.7400000e+00
   1.2180000e+01
   1.1590000e+01
   1.8220000e+01
   1.4620000e+01
   1.1220000e+01
   1.6190000e+01
   1.3260000e+01
   4.9000000e+00
   9.7600000e+00
   5.7600000e+00
   1.1680000e+01
   7.8500000e+00
   1.5770000e+01
   9.6600000e+00
   6.6800000e+00
   1.5180000e+01
   2.3870000e+01
   1.3970000e+01
   1.2230000e+01
   9.3900000e+00
   1.3490000e+01
   1.2410000e+01
