   3.8930299e-01
   7.7086015e-01
   1.9033326e+00
   6.5370492e-01
   2.4710530e+00
   1.3965174e+00
   1.9784167e+00
   8.4269329e-01
   4.4913917e-01
   6.3444317e-01
   4.7424228e-01
   7.4548140e-01
   6.5654186e-01
   1.3049272e+00
   1.6141145e+00
   8.1542888e-01
   1.0626358e+00
   6.0839550e-01
   4.4731201e-01
   1.3621762e+00
   1.3433706e+00
   2.2641282e+00
   1.8144985e+00
   1.1532478e+00
   8.3114573e-01
   2.9618715e-01
   1.3262143e+00
   4.3827475e-01
   1.8202437e+00
   4.7130146e-01
   1.5937652e+00
   9.0207814e-01
   7.9404435e-01
   1.2625385e+00
   1.3941599e+00
   2.4109619e+00
   2.3709842e+00
   5.3825217e-01
   1.6825062e+00
   6.8165411e-01
