   5.9375093e+00   3.4449430e+00
   1.1000526e+01   5.0630167e+00
   1.4326708e+01   3.3261820e+00
   1.7684712e+01   3.3580040e+00
   2.1523790e+01   3.8390780e+00
   2.5841644e+01   4.3178540e+00
   2.9296485e+01   3.4548410e+00
   3.2803329e+01   3.5068440e+00
   3.6160941e+01   3.3576120e+00
   3.9452920e+01   3.2919790e+00
   4.2539780e+01   3.0868600e+00
   4.6094417e+01   3.5546370e+00
   5.0618589e+01   4.5241720e+00
   5.2949504e+01   2.3309150e+00
   5.5923340e+01   2.9738360e+00
   5.9389524e+01   3.4661840e+00
   6.3394634e+01   4.0051100e+00
   6.6517672e+01   3.1230380e+00
   6.9579111e+01   3.0614390e+00
   7.2696823e+01   3.1177120e+00
   7.5621666e+01   2.9248430e+00
   7.8184013e+01   2.5623470e+00
   8.0861620e+01   2.6776070e+00
   8.3699069e+01   2.8374490e+00
   8.6576122e+01   2.8770530e+00
   8.9147359e+01   2.5712370e+00
   9.1642405e+01   2.4950460e+00
   9.4227409e+01   2.5850040e+00
   9.7675051e+01   3.4476420e+00
   1.0105084e+02   3.3757890e+00
   1.0421151e+02   3.1606700e+00
   1.0739784e+02   3.1863300e+00
   1.1033873e+02   2.9408900e+00
   1.1338023e+02   3.0415000e+00
   1.1650489e+02   3.1246600e+00
   1.1984101e+02   3.3361200e+00
   1.2326476e+02   3.4237500e+00
   1.2688929e+02   3.6245300e+00
   1.3077511e+02   3.8858200e+00
   1.3401215e+02   3.2370400e+00
   1.3729938e+02   3.2872300e+00
   1.4041419e+02   3.1148100e+00
   1.4394831e+02   3.5341200e+00
   1.4730803e+02   3.3597200e+00
   1.5067448e+02   3.3664500e+00
   1.5433340e+02   3.6589200e+00
   1.5785191e+02   3.5185100e+00
   1.6162698e+02   3.7750700e+00
   1.6502166e+02   3.3946800e+00
   1.6814296e+02   3.1213000e+00
   1.7124937e+02   3.1064100e+00
   1.7460467e+02   3.3553000e+00
   1.7760980e+02   3.0051300e+00
   1.8117584e+02   3.5660400e+00
   1.8453778e+02   3.3619400e+00
   1.8822758e+02   3.6898000e+00
   1.9131722e+02   3.0896400e+00
   1.9410517e+02   2.7879500e+00
   1.9692837e+02   2.8232000e+00
