   1.5023972e+01   3.5685350e+00
   1.8220322e+01   3.1963500e+00
   2.1432907e+01   3.2125850e+00
   2.5279767e+01   3.8468600e+00
   2.9127538e+01   3.8477710e+00
   3.2911997e+01   3.7844590e+00
   3.6632694e+01   3.7206970e+00
   4.3122570e+01   6.4898760e+00
   4.6292835e+01   3.1702650e+00
   4.9765025e+01   3.4721900e+00
   5.3216284e+01   3.4512590e+00
   5.6213403e+01   2.9971190e+00
   5.9395234e+01   3.1818310e+00
   6.3307659e+01   3.9124250e+00
   7.0623460e+01   7.3158010e+00
   7.3794581e+01   3.1711210e+00
   7.6868191e+01   3.0736100e+00
   7.9818135e+01   2.9499440e+00
   8.2849545e+01   3.0314100e+00
   8.6155504e+01   3.3059590e+00
   8.9277794e+01   3.1222900e+00
   9.2112667e+01   2.8348730e+00
   9.4669626e+01   2.5569590e+00
   9.7473710e+01   2.8040840e+00
   1.0096250e+02   3.4887900e+00
   1.0997864e+02   9.0161400e+00
   1.1253684e+02   2.5582000e+00
   1.1511929e+02   2.5824500e+00
   1.1775866e+02   2.6393700e+00
   1.2037438e+02   2.6157200e+00
   1.2318992e+02   2.8155400e+00
   1.2665062e+02   3.4607000e+00
   1.3027349e+02   3.6228700e+00
   1.3401215e+02   3.7386600e+00
   1.4059548e+02   6.5833300e+00
   1.5591588e+02   1.5320400e+01
   1.5826487e+02   2.3489900e+00
   1.6129099e+02   3.0261200e+00
   1.6491253e+02   3.6215400e+00
   1.6827534e+02   3.3628100e+00
   1.7133035e+02   3.0550100e+00
   1.7444585e+02   3.1155000e+00
   1.7765992e+02   3.2140700e+00
   1.8125128e+02   3.5913600e+00
   1.8492606e+02   3.6747800e+00
   1.8803857e+02   3.1125100e+00
   1.9170945e+02   3.6708800e+00
   1.9475767e+02   3.0482200e+00
   1.9772510e+02   2.9674300e+00
