   3.6044031e+01   2.0546550e+00
   3.7987986e+01   1.9439550e+00
   4.0010253e+01   2.0222670e+00
   4.2165275e+01   2.1550220e+00
   4.4339606e+01   2.1743310e+00
   4.6703191e+01   2.3635850e+00
   4.9055949e+01   2.3527580e+00
   5.1276458e+01   2.2205090e+00
   5.3457084e+01   2.1806260e+00
   5.5598307e+01   2.1412230e+00
   5.7730638e+01   2.1323310e+00
   5.9881204e+01   2.1505660e+00
   6.2155140e+01   2.2739360e+00
   6.4371001e+01   2.2158610e+00
   6.6433090e+01   2.0620890e+00
   6.8491669e+01   2.0585790e+00
   7.0460711e+01   1.9690420e+00
   7.3864568e+01   3.4038570e+00
   7.5854974e+01   1.9904060e+00
   7.7836114e+01   1.9811400e+00
   7.9746296e+01   1.9101820e+00
   8.1779939e+01   2.0336430e+00
   8.3885423e+01   2.1054840e+00
   8.6036909e+01   2.1514860e+00
   8.8137680e+01   2.1007710e+00
   9.0317680e+01   2.1800000e+00
   9.2762151e+01   2.4444710e+00
   9.4720385e+01   1.9582340e+00
   9.6540631e+01   1.8202460e+00
   1.0000183e+02   3.4611990e+00
   1.0187159e+02   1.8697600e+00
   1.0388027e+02   2.0086800e+00
   1.0590056e+02   2.0202900e+00
   1.0791329e+02   2.0127300e+00
   1.0990719e+02   1.9939000e+00
   1.1186753e+02   1.9603400e+00
   1.1378981e+02   1.9222800e+00
   1.1572705e+02   1.9372400e+00
   1.1776358e+02   2.0365300e+00
   1.1981869e+02   2.0551100e+00
   1.2187421e+02   2.0555200e+00
   1.2385841e+02   1.9842000e+00
   1.2583910e+02   1.9806900e+00
   1.2790751e+02   2.0684100e+00
   1.3010339e+02   2.1958800e+00
   1.3245411e+02   2.3507200e+00
   1.3460835e+02   2.1542400e+00
