   3.7738618e+01   2.8321460e+00
   4.0715367e+01   2.9767490e+00
   4.3590660e+01   2.8752930e+00
   4.9676532e+01   6.0858720e+00
   5.3154522e+01   3.4779900e+00
   5.8188908e+01   5.0343860e+00
   6.1707654e+01   3.5187460e+00
   6.5012949e+01   3.3052950e+00
   6.9057627e+01   4.0446780e+00
   7.1864488e+01   2.8068610e+00
   7.4891966e+01   3.0274780e+00
   7.7666551e+01   2.7745850e+00
   8.0162158e+01   2.4956070e+00
   8.2814518e+01   2.6523600e+00
   8.6815130e+01   4.0006120e+00
   8.9679694e+01   2.8645640e+00
   9.4233930e+01   4.5542360e+00
   9.7445659e+01   3.2117290e+00
   1.0175464e+02   4.3089810e+00
   1.0472483e+02   2.9701900e+00
   1.0807596e+02   3.3511300e+00
   1.1205309e+02   3.9771300e+00
   1.1497377e+02   2.9206800e+00
   1.1857617e+02   3.6024000e+00
   1.2240123e+02   3.8250600e+00
   1.2522034e+02   2.8191100e+00
   1.2819767e+02   2.9773300e+00
   1.3099170e+02   2.7940300e+00
   1.3371840e+02   2.7267000e+00
