   4.2855363e+00   2.4091493e+00
   7.0302621e+00   2.7447258e+00
   9.5920899e+00   2.5618278e+00
   1.1905592e+01   2.3135021e+00
   1.4396751e+01   2.4911590e+00
   1.7076914e+01   2.6801630e+00
   1.9890992e+01   2.8140780e+00
   2.0601514e+01   7.1052200e-01
   2.3773079e+01   3.1715650e+00
   2.6524402e+01   2.7513230e+00
   2.9228355e+01   2.7039530e+00
   3.1780520e+01   2.5521650e+00
   3.4233322e+01   2.4528020e+00
   3.7309435e+01   3.0761130e+00
   3.9890022e+01   2.5805870e+00
   4.2687791e+01   2.7977690e+00
   4.6516705e+01   3.8289140e+00
   4.8697587e+01   2.1808820e+00
   5.7482503e+01   8.7849160e+00
   5.9811743e+01   2.3292400e+00
   6.2317197e+01   2.5054540e+00
   6.4814652e+01   2.4974550e+00
   6.6686065e+01   1.8714130e+00
   6.8447692e+01   1.7616270e+00
   7.1092885e+01   2.6451930e+00
   7.3693230e+01   2.6003450e+00
   7.6433275e+01   2.7400450e+00
   7.9327776e+01   2.8945010e+00
   8.2047833e+01   2.7200570e+00
   8.8056597e+01   6.0087640e+00
   9.0312061e+01   2.2554640e+00
   9.2515347e+01   2.2032860e+00
   9.4582992e+01   2.0676450e+00
   9.7339978e+01   2.7569860e+00
   9.9880683e+01   2.5407050e+00
   1.0212807e+02   2.2473870e+00
   1.0426515e+02   2.1370800e+00
   1.0627864e+02   2.0134900e+00
   1.0836534e+02   2.0867000e+00
   1.1082206e+02   2.4567200e+00
   1.1322760e+02   2.4055400e+00
   1.1607687e+02   2.8492700e+00
   1.1868816e+02   2.6112900e+00
   1.2116159e+02   2.4734300e+00
   1.2363240e+02   2.4708100e+00
   1.2577054e+02   2.1381400e+00
   1.2741202e+02   1.6414800e+00
   1.2989318e+02   2.4811600e+00
   1.3251577e+02   2.6225900e+00
   1.3552421e+02   3.0084400e+00
