   3.4814685e+01   1.4616340e+00
   3.6386454e+01   1.5717690e+00
   3.8045966e+01   1.6595120e+00
   3.9530255e+01   1.4842890e+00
   4.1006416e+01   1.4761610e+00
   4.2653535e+01   1.6471190e+00
   4.4240080e+01   1.5865450e+00
   4.5762647e+01   1.5225670e+00
   4.7296062e+01   1.5334150e+00
   4.8644140e+01   1.3480780e+00
   5.0069967e+01   1.4258270e+00
   5.1625857e+01   1.5558900e+00
   5.3133582e+01   1.5077250e+00
   5.4628014e+01   1.4944320e+00
   5.6295720e+01   1.6677060e+00
   5.7994068e+01   1.6983480e+00
   5.9454070e+01   1.4600020e+00
   6.1109804e+01   1.6557340e+00
   6.2738060e+01   1.6282560e+00
   6.4337727e+01   1.5996670e+00
   6.6017566e+01   1.6798390e+00
   6.7546226e+01   1.5286600e+00
   6.8901326e+01   1.3551000e+00
   7.0257044e+01   1.3557180e+00
   7.1814231e+01   1.5571870e+00
   7.3404098e+01   1.5898670e+00
   7.4841618e+01   1.4375200e+00
   7.6390731e+01   1.5491130e+00
   7.8025206e+01   1.6344750e+00
   7.9663247e+01   1.6380410e+00
   8.1356176e+01   1.6929290e+00
   8.2946834e+01   1.5906580e+00
   8.4481108e+01   1.5342740e+00
   8.7157224e+01   2.6761160e+00
   8.8598811e+01   1.4415870e+00
   9.0170883e+01   1.5720720e+00
   9.1749461e+01   1.5785780e+00
   9.3250285e+01   1.5008240e+00
   9.4706274e+01   1.4559890e+00
   9.6044274e+01   1.3380000e+00
   9.7533999e+01   1.4897250e+00
   9.9128335e+01   1.5943360e+00
   1.0072283e+02   1.5944950e+00
   1.0220017e+02   1.4773400e+00
   1.0375446e+02   1.5542900e+00
   1.0542773e+02   1.6732700e+00
   1.0711693e+02   1.6892000e+00
   1.0870252e+02   1.5855900e+00
   1.1029768e+02   1.5951600e+00
   1.1193031e+02   1.6326300e+00
   1.1348251e+02   1.5522000e+00
   1.1498213e+02   1.4996200e+00
   1.1645853e+02   1.4764000e+00
   1.1800027e+02   1.5417400e+00
   1.1955354e+02   1.5532700e+00
   1.2112988e+02   1.5763400e+00
   1.2269603e+02   1.5661500e+00
   1.2423982e+02   1.5437900e+00
   1.2576812e+02   1.5283000e+00
   1.2729113e+02   1.5230100e+00
   1.2886269e+02   1.5715600e+00
   1.3048632e+02   1.6236300e+00
   1.3201514e+02   1.5288200e+00
   1.3350497e+02   1.4898300e+00
   1.3506638e+02   1.5614100e+00
   1.3665806e+02   1.5916800e+00
   1.3827306e+02   1.6150000e+00
   1.3974468e+02   1.4716200e+00
   1.4118538e+02   1.4407000e+00
   1.4273800e+02   1.5526200e+00
   1.4432001e+02   1.5820100e+00
   1.4584069e+02   1.5206800e+00
   1.4724900e+02   1.4083100e+00
   1.4870321e+02   1.4542100e+00
   1.5026544e+02   1.5622300e+00
