   5.5360420e+00
   6.2807762e+00
   6.4941439e+00
   6.1166390e+00
   6.5803726e+00
   6.2552276e+00
   6.4649092e+00
   6.0505880e+00
   5.5110606e+00
   6.2419096e+00
   5.7724290e+00
   6.2597432e+00
   6.3221067e+00
   6.5669900e+00
   6.3662375e+00
   5.9400214e+00
   6.0359088e+00
   6.0895655e+00
   6.2663365e+00
   6.4889387e+00
   6.6533342e+00
   6.5826182e+00
   6.4833109e+00
   6.6714050e+00
   6.4372383e+00
   5.9905853e+00
   6.4809190e+00
   5.9093371e+00
   6.5109540e+00
   6.1190917e+00
   6.7135443e+00
   6.3000237e+00
   6.0282756e+00
   6.6513277e+00
   6.6428246e+00
   6.7019074e+00
   6.5226411e+00
   6.2393233e+00
   6.6819421e+00
   6.3455602e+00
