  -7.3566100e+00
  -6.6507000e+00
  -7.1779900e+00
  -6.8604900e+00
  -6.5771100e+00
  -7.2374600e+00
  -7.0061800e+00
  -7.3033800e+00
  -7.4965800e+00
  -6.6271600e+00
  -7.1878400e+00
  -6.5520600e+00
  -6.3639500e+00
  -6.0084600e+00
  -6.9989400e+00
  -7.3905000e+00
  -7.4580500e+00
  -7.1046000e+00
  -6.1441700e+00
  -6.4969400e+00
  -5.1153300e+00
  -5.9790000e+00
  -6.5797200e+00
  -5.8058600e+00
  -6.1829100e+00
  -6.5765500e+00
  -6.9152700e+00
  -7.0763200e+00
  -6.5631400e+00
  -6.7974100e+00
  -5.8286500e+00
  -6.8206100e+00
  -7.2100900e+00
  -5.8940500e+00
  -5.3677900e+00
  -6.4623200e+00
  -6.9165700e+00
  -6.7267600e+00
  -6.2300900e+00
  -6.3368100e+00
