   1.7889695e+01   2.3160000e+00
   1.9557820e+01   1.6681250e+00
   2.1754355e+01   2.1965350e+00
   2.4131686e+01   2.3773310e+00
   2.6659824e+01   2.5281380e+00
   2.8959183e+01   2.2993590e+00
   3.1756535e+01   2.7973520e+00
   3.3679579e+01   1.9230440e+00
   3.5933432e+01   2.2538530e+00
   3.8197817e+01   2.2643850e+00
   4.0059561e+01   1.8617440e+00
   4.1961452e+01   1.9018910e+00
   4.4115896e+01   2.1544440e+00
   4.6211403e+01   2.0955070e+00
   4.8270590e+01   2.0591870e+00
   5.0632283e+01   2.3616930e+00
   5.3340914e+01   2.7086310e+00
   5.5582900e+01   2.2419860e+00
   5.6302677e+01   7.1977700e-01
   5.8328546e+01   2.0258690e+00
   6.2046665e+01   3.7181190e+00
   6.3980742e+01   1.9340770e+00
   6.5947963e+01   1.9672210e+00
   6.8389264e+01   2.4413010e+00
   7.1346735e+01   2.9574710e+00
   7.3441459e+01   2.0947240e+00
   7.8714170e+01   5.2727110e+00
   8.0803776e+01   2.0896060e+00
   8.3301473e+01   2.4976970e+00
   8.5957366e+01   2.6558930e+00
   8.8006347e+01   2.0489810e+00
   9.3822792e+01   5.8164450e+00
   9.5762395e+01   1.9396030e+00
   9.7762222e+01   1.9998270e+00
   9.9893924e+01   2.1317020e+00
   1.0211298e+02   2.2190560e+00
   1.0492896e+02   2.8159800e+00
   1.0701041e+02   2.0814500e+00
   1.1021327e+02   3.2028600e+00
   1.1233853e+02   2.1252600e+00
   1.1526781e+02   2.9292800e+00
   1.1762739e+02   2.3595800e+00
   1.1978991e+02   2.1625200e+00
   1.2133836e+02   1.5484500e+00
   1.2355974e+02   2.2213800e+00
   1.2568400e+02   2.1242600e+00
   1.2805698e+02   2.3729800e+00
   1.3059398e+02   2.5370000e+00
   1.3384783e+02   3.2538500e+00
   1.3597226e+02   2.1244300e+00
   1.3785324e+02   1.8809800e+00
   1.3962429e+02   1.7710500e+00
   1.4153161e+02   1.9073200e+00
   1.4406734e+02   2.5357300e+00
   1.4677342e+02   2.7060800e+00
   1.4748045e+02   7.0703000e-01
   1.4995766e+02   2.4772100e+00
   1.5245767e+02   2.5000100e+00
   1.5504467e+02   2.5870000e+00
   1.5761585e+02   2.5711800e+00
   1.6010761e+02   2.4917600e+00
   1.6216142e+02   2.0538100e+00
   1.6709154e+02   4.9301200e+00
   1.6908981e+02   1.9982700e+00
   1.7162298e+02   2.5331700e+00
   1.7446119e+02   2.8382100e+00
   1.7658370e+02   2.1225100e+00
   1.7970673e+02   3.1230300e+00
   1.8160956e+02   1.9028300e+00
   1.8368980e+02   2.0802400e+00
   1.8639507e+02   2.7052700e+00
   1.8932654e+02   2.9314700e+00
   1.9162385e+02   2.2973100e+00
   1.9416459e+02   2.5407400e+00
   1.9710483e+02   2.9402400e+00
   1.9920897e+02   2.1041400e+00
