   1.1263150e+01   4.8209109e+00
   1.5237687e+01   3.9745370e+00
   1.8746034e+01   3.5083470e+00
   2.9529785e+01   1.0783751e+01
   3.3120214e+01   3.5904290e+00
   3.7905248e+01   4.7850340e+00
   4.1308054e+01   3.4028060e+00
   4.4718734e+01   3.4106800e+00
   4.8058325e+01   3.3395910e+00
   5.1131425e+01   3.0731000e+00
   5.4276112e+01   3.1446870e+00
   5.7588164e+01   3.3120520e+00
   6.0444321e+01   2.8561570e+00
   6.2948425e+01   2.5041040e+00
   6.5461760e+01   2.5133350e+00
   6.8276296e+01   2.8145360e+00
   7.1606121e+01   3.3298250e+00
   7.5419177e+01   3.8130560e+00
   7.8300526e+01   2.8813490e+00
   8.0773414e+01   2.4728880e+00
   8.2970019e+01   2.1966050e+00
   8.5826756e+01   2.8567370e+00
   8.9245946e+01   3.4191900e+00
   9.2128152e+01   2.8822060e+00
   9.4461366e+01   2.3332140e+00
   9.7723915e+01   3.2625490e+00
   1.0107215e+02   3.3482350e+00
   1.0502121e+02   3.9490600e+00
   1.0824748e+02   3.2262700e+00
   1.1118671e+02   2.9392300e+00
   1.1416847e+02   2.9817600e+00
   1.1739662e+02   3.2281500e+00
   1.2089391e+02   3.4972900e+00
   1.2434732e+02   3.4534100e+00
   1.2814927e+02   3.8019500e+00
   1.3145536e+02   3.3060900e+00
   1.3419301e+02   2.7376500e+00
   1.3747626e+02   3.2832500e+00
   1.4158872e+02   4.1124600e+00
   1.4915892e+02   7.5702000e+00
   1.5305064e+02   3.8917200e+00
   1.5637956e+02   3.3289200e+00
   1.6011086e+02   3.7313000e+00
   1.6328534e+02   3.1744800e+00
   1.6635582e+02   3.0704800e+00
   1.6993046e+02   3.5746400e+00
   1.7354228e+02   3.6118200e+00
   1.8726836e+02   1.3726080e+01
   1.9068661e+02   3.4182500e+00
   1.9403892e+02   3.3523100e+00
   1.9778119e+02   3.7422700e+00
